#nodes: 9, #edges: 18
#SCC: 1, max SCC len: 9
SCC list:
[0, 'R', 2, 1, 3, 5, 4, 6, 7]
#cycles: 27, max cycle len: 9
#cycles in cycle: 146
cycle list:
[0, 1, 2, 4, 5]
[0, 1, 2, 4, 'R', 3, 6, 7, 5]
[0, 1, 2, 4, 'R']
[0, 1, 2, 'R', 3, 6, 7, 5]
[0, 1, 2, 'R', 3, 6, 4, 5]
[0, 1, 2, 'R']
[0, 1, 2, 5, 3, 6, 4, 'R']
[0, 1, 2, 5]
[0, 6, 7, 5, 3, 1, 2, 4, 'R']
[0, 6, 7, 5, 3, 1, 2, 'R']
[0, 6, 7, 5]
[0, 6, 4, 2, 'R']
[0, 6, 4, 2, 5]
[0, 6, 4, 5, 3, 1, 2, 'R']
[0, 6, 4, 5]
[0, 6, 4, 'R', 3, 1, 2, 5]
[0, 6, 4, 'R']
[1, 2, 4, 5, 3]
[1, 2, 4, 'R', 3]
[1, 2, 'R', 3]
[1, 2, 5, 3]
[2, 4]
[2, 'R', 3, 6, 4]
[2, 5, 3, 6, 4]
[3, 6, 7, 5]
[3, 6, 4, 5]
[3, 6, 4, 'R']
longest path len from red: 9
longest paths:
['R', 0, 6, 7, 5, 3, 1, 2, 4]
['R', 0, 1, 2, 4, 5, 3, 6, 7]
['R', 3, 6, 7, 5, 0, 1, 2, 4]
['R', 3, 1, 2, 4, 5, 0, 6, 7]
#nodes in cycles: 9
proportion of nodes in cycles: 1.00
list of nodes in cycles:
[0, 1, 2, 4, 5, 'R', 3, 6, 7]
#edges / #nodes = 2.00
#edges / (#nodes - #leaf) = 2.00