#nodes: 9, #edges: 16
#SCC: 1, max SCC len: 9
SCC list:
[0, 1, 4, 2, 5, 3, 6, 'R', 7]
#cycles: 15, max cycle len: 8
#cycles in cycle: 24
cycle list:
[0, 3, 7, 'R', 6, 1]
[0, 3, 7, 'R']
[0, 3, 4, 1, 5, 2, 7, 'R']
[0, 3, 4, 1, 5, 'R']
[0, 3, 4, 1]
[0, 2, 7, 'R', 6, 1]
[0, 2, 7, 'R']
[0, 2, 4, 1, 5, 3, 7, 'R']
[0, 2, 4, 1, 5, 'R']
[0, 2, 4, 1]
[1, 5, 3, 7, 'R', 6]
[1, 5, 3, 4]
[1, 5, 2, 7, 'R', 6]
[1, 5, 2, 4]
[1, 5, 'R', 6]
longest path len from red: 8
longest paths:
['R', 0, 3, 4, 1, 5, 2, 7]
['R', 0, 2, 4, 1, 5, 3, 7]
